1 a)
A | B | X
0 | 0 | 1
0 | 1 | 0
1 | 0 | 0
1 | 1 | 1

1 b)
A | B | X
0 | 0 | 0
0 | 1 | 0
1 | 0 | 0
1 | 1 | 0

1 c)
A | B | C | X
0 | 0 | 0 | 1
0 | 0 | 1 | 1
0 | 1 | 0 | 0
0 | 1 | 1 | 1 
1 | 0 | 0 | 0 
1 | 0 | 1 | 1 
1 | 1 | 0 | 0 
1 | 1 | 1 | 1 

1 d)
A | B | C | X
0 | 0 | 0 | 1
0 | 0 | 1 | 0
0 | 1 | 0 | 1
0 | 1 | 1 | 1 
1 | 0 | 0 | 0 
1 | 0 | 1 | 1 
1 | 1 | 0 | 1 
1 | 1 | 1 | 0

1 e)
A | B | C | X
0 | 0 | 0 | 0
0 | 0 | 1 | 0
0 | 1 | 0 | 0
0 | 1 | 1 | 1 
1 | 0 | 0 | 1 
1 | 0 | 1 | 1 
1 | 1 | 0 | 0 
1 | 1 | 1 | 1

2 a) X = (A AND B) XOR (B NOR C)
  b) X = (A NAND (A NAND C)) NOR (B NOR C)
